Unravel _Tokyo_Ghoul_OP_Piano.wav
135
34000
1 0 0
0 0 2
0 0 0
0 1 0
0 0 0
0 0 1
0 2 0
0 0 0
0 0 1
0 0 0
0 0 0
0 2 0
0 0 0
0 0 1
2 0 0
0 0 0
0 1 0
0 0 2
0 0 0
0 0 0
1 0 0
1 0 0
0 0 0
0 2 0
0 0 1
0 0 0
0 0 0
0 0 0
0 0 0
0 0 0
0 0 0
0 0 0
0 0 0
0 0 0
0 0 2
1 2 0
1 0 0
0 1 2
1 2 0
0 0 1
0 1 2
2 0 1
0 1 0
0 0 1
1 0 0
1 0 0
0 2 0
0 0 1
0 0 2
1 0 0
0 2 0
1 0 2
2 1 0
1 0 0
0 1 2
0 2 1
0 0 1
1 0 0
1 0 0
0 0 2
2 0 0
0 0 1
0 2 0
2 0 0
0 2 0
0 0 1
0 0 1
0 2 0
0 1 1
1 0 0
1 2 0
0 0 1
2 1 0
2 2 0
0 1 0
2 0 1
0 0 1
0 2 0
1 2 0
1 0 0
1 2 0
0 2 1
0 0 1
1 2 0
0 1 2
1 0 0
0 1 0
1 0 2
1 2 0
0 0 1
0 0 1
1 2 0
1 0 2
0 2 0
0 0 2
0 2 0
2 0 0
0 1 0
0 0 2
0 0 1
0 2 0
1 2 0
1 0 0
0 2 1
1 0 2
0 0 1
2 0 0
0 1 2
0 0 0
0 0 1
1 0 0
0 2 0
0 0 2
1 0 0
0 2 0
1 0 0
2 0 1
1 0 2
0 2 0
1 2 0
2 0 1
1 0 0
0 1 0
1 0 2
0 0 0
2 0 1
0 0 0
0 1 2
0 0 0
1 2 0
0 1 2
0 0 0
1 2 0
0 0 0
0 1 2
1 1 2
0 0 2
0 2 0
1 1 2
0 2 0
2 0 0
1 1 2
0 1 0
1 2 2
0 1 0
0 1 0
1 2 2
0 0 1
0 1 0
1 2 2
0 1 0
1 1 2
0 0 2
0 2 0
1 2 2
0 0 2
0 1 0
1 2 2
0 1 0
0 0 1
2 1 1
0 0 1
2 2 1
0 1 0
1 0 0
1 1 2
0 0 1
1 0 0
1 1 2
0 0 2
1 2 0
0 0 2
1 1 0
0 0 2
2 0 1
2 2 1
0 1 0
1 0 2
0 0 1
0 2 0
0 1 1
1 0 0
1 2 0
0 0 1
2 1 0
2 2 0
0 1 0
2 0 1
0 0 1
0 2 0
1 2 0
1 0 0
1 2 0
0 2 1
0 0 1
1 2 0
0 1 2
1 0 0
0 1 0
1 0 2
1 2 0
0 0 1
0 0 1
1 2 0
1 0 2
0 2 0
0 0 2
0 2 0
2 0 0
0 1 0
0 0 2
0 0 1
0 2 0
1 2 0
1 0 0
0 2 1
1 0 2
0 0 1
2 0 0
0 1 2
0 0 0
0 0 1
1 0 0
0 2 0
0 0 2
1 0 0
0 2 0
1 0 0
2 0 1
1 0 2
0 2 0
1 2 0
2 0 1
1 0 0
0 1 0
1 0 2
0 0 0
2 0 1
0 0 0
0 1 2
0 0 0
1 2 0
0 1 2
0 0 0
1 2 0
0 0 0
0 1 2
1 1 2
0 0 2
0 2 0
1 1 2
0 2 0
2 0 0
1 1 2
0 1 0
1 2 2
0 1 0
0 1 0
1 2 2
0 0 1
0 1 0
1 2 2
0 1 0
1 1 2
0 0 2
0 2 0
1 2 2
0 0 2
0 1 0
1 2 2
0 1 0
0 0 1
2 1 1
0 0 1
2 2 1
0 1 0
1 0 0
1 1 2
0 0 1
1 0 0
1 1 2
0 0 2
1 2 0
0 0 2
1 1 0
0 0 2
2 0 1
2 2 1
0 1 0
1 0 2
0 0 1
0 2 0
0 1 1
1 0 0
1 2 0
0 0 1
2 1 0
2 2 0
0 1 0
2 0 1
0 0 1
0 2 0
1 2 0
1 0 0
1 2 0
0 2 1
0 0 1
1 2 0
0 1 2
1 0 0
0 1 0
1 0 2
1 2 0
0 0 1
0 0 1
1 2 0
1 0 2
0 2 0
0 0 2
0 2 0
2 0 0
0 1 0
0 0 2
0 0 1
0 2 0
1 2 0
1 0 0
0 2 1
1 0 2
0 0 1
2 0 0
0 1 2
0 0 0
0 0 1
1 0 0
0 2 0
0 0 2
1 0 0
0 2 0
1 0 0
2 0 1
1 0 2
0 2 0
1 2 0
2 0 1
1 0 0
0 1 0
1 0 2
0 0 0
2 0 1
0 0 0
0 1 2
0 0 0
1 2 0
0 1 2
0 0 0
1 2 0
0 0 0
0 1 2
1 1 2
0 0 2
0 2 0
1 1 2
0 2 0
2 0 0
1 1 2
0 1 0
1 2 2
0 1 0
0 1 0
1 2 2
0 0 1
0 1 0
1 2 2
0 1 0
1 1 2
0 0 2
0 2 0
1 2 2
0 0 2
0 1 0
1 2 2
0 1 0
0 0 1
2 1 1
0 0 1
2 2 1
0 1 0
1 0 0
1 1 2
0 0 1
1 0 0
1 1 2
0 0 2
1 2 0
0 0 2
1 1 0
0 0 2
2 0 1
2 2 1
0 1 0
1 0 2
0 0 1
0 2 0
0 1 1
1 0 0
1 2 0
0 0 1
2 1 0
2 2 0
0 1 0
2 0 1
0 0 1
0 2 0
1 2 0
1 0 0
1 2 0
0 2 1
0 0 1
1 2 0
0 1 2
1 0 0
0 1 0
1 0 2
1 2 0
0 0 1
0 0 1
1 2 0
1 0 2
0 2 0
0 0 2
0 2 0
2 0 0
0 1 0
0 0 2
0 0 1
0 2 0
1 2 0
1 0 0
0 2 1
1 0 2
0 0 1
2 0 0
0 1 2
0 0 0
0 0 1
1 0 0
0 2 0
0 0 2
1 0 0
0 2 0
1 0 0
2 0 1
1 0 2
0 2 0
1 2 0
2 0 1
1 0 0
0 1 0
1 0 2
0 0 0
2 0 1
0 0 0
0 1 2
0 0 0
1 2 0
0 1 2
0 0 0
1 2 0
0 0 0
0 1 2
1 1 2
0 0 2
0 2 0
1 1 2
0 2 0
2 0 0
1 1 2
0 1 0
1 2 2
0 1 0
0 1 0
1 2 2
0 0 1
0 1 0
1 2 2
0 1 0
1 1 2
0 0 2
0 2 0
1 2 2
0 0 2
0 1 0
1 2 2
0 1 0
0 0 1
2 1 1
0 0 1
2 2 1
0 1 0
1 0 0
1 1 2
0 0 1
1 0 0
1 1 2
0 0 2
1 2 0
0 0 2
1 1 0
0 0 2
2 0 1
2 2 1
0 1 0
1 0 2
0 0 1
0 2 0
0 1 1
1 0 0
1 2 0
0 0 1
2 1 0
2 2 0
0 1 0
2 0 1
0 0 1
0 2 0
1 2 0
1 0 0
1 2 0
0 2 1
0 0 1
1 2 0
0 1 2
1 0 0
0 1 0
1 0 2
1 2 0
0 0 1
0 0 1
1 2 0
1 0 2
0 2 0
0 0 2
0 2 0
2 0 0
0 1 0
0 0 2
0 0 1
0 2 0
1 2 0
1 0 0
0 2 1
1 0 2
0 0 1
2 0 0
0 1 2
0 0 0
0 0 1
1 0 0
0 2 0
0 0 2
1 0 0
0 2 0
1 0 0
2 0 1
1 0 2
0 2 0
1 2 0
2 0 1
1 0 0
0 1 0
1 0 2
0 0 0
2 0 1
0 0 0
0 1 2
0 0 0
1 2 0
0 1 2
0 0 0
1 2 0
0 0 0
0 1 2
1 1 2
0 0 2
0 2 0
1 1 2
0 2 0
2 0 0
1 1 2
0 1 0
1 2 2
0 1 0
0 1 0
1 2 2
0 0 1
0 1 0
1 2 2
0 1 0
1 1 2
0 0 2
0 2 0
1 2 2
0 0 2
0 1 0
1 2 2
0 1 0
0 0 1
2 1 1
0 0 1
2 2 1
0 1 0
1 0 0
1 1 2
0 0 1
1 0 0
1 1 2
0 0 2
1 2 0
0 0 2
1 1 0
0 0 2
2 0 1
2 2 1
0 1 0
1 0 2
0 0 1
0 2 0
0 1 1
1 0 0
1 2 0
0 0 1
2 1 0
2 2 0
0 1 0
2 0 1
0 0 1
0 2 0
1 2 0
1 0 0
1 2 0
0 2 1
0 0 1
1 2 0
0 1 2
1 0 0
0 1 0
1 0 2
1 2 0
0 0 1
0 0 1
1 2 0
1 0 2
0 2 0
0 0 2
0 2 0
2 0 0
0 1 0
0 0 2
0 0 1
0 2 0
1 2 0
1 0 0
0 2 1
1 0 2
0 0 1
2 0 0
0 1 2
0 0 0
0 0 1
1 0 0
0 2 0
0 0 2
1 0 0
0 2 0
1 0 0
2 0 1
1 0 2
0 2 0
1 2 0
2 0 1
1 0 0
0 1 0
1 0 2
0 0 0
2 0 1
0 0 0
0 1 2
0 0 0
1 2 0
0 1 2
0 0 0
1 2 0
0 0 0
0 1 2
1 1 2
0 0 2
0 2 0
1 1 2
0 2 0
2 0 0
1 1 2
0 1 0
1 2 2
0 1 0
0 1 0
1 2 2
0 0 1
0 1 0
1 2 2
0 1 0
1 1 2
0 0 2
0 2 0
1 2 2
0 0 2
0 1 0
1 2 2
0 1 0
0 0 1
2 1 1
0 0 1
2 2 1
0 1 0
1 0 0
1 1 2
0 0 1
1 0 0
1 1 2
0 0 2
1 2 0
0 0 2
1 1 0
0 0 2
2 0 1
2 2 1
0 1 0
1 0 2